评论者主页,评论者昵称,评论者性别,评论者所在地,评论者微博数,评论者关注数,评论者粉丝数,评论内容,评论获赞数,评论发布时间
https://weibo.cn//u/6270105694,夏天里的碳酸气泡,女,其他,948,443,7311,啊啊啊洛羿真的是完美男友啊！,0,2021-04-20 20:24
https://weibo.cn//u/6798523013,咕咕的核桃仁,女,上海,29,204,3,秀秀好可爱啊啊啊  咕咕我爱了,0,2021-04-20 20:23
